
from optparse import OptionParser

from ROOT import *
import ROOT
gROOT.Macro("rootlogon.C")
nuisanceParams = {'bs1700': {'Q2': [(-0.67571871595165245, 0.17466928416553884)], 'trig': [(-0.016416069371440578, 0.99375794900263537)], 'diBoson_rate': [(0.39734001676735708, 1.072883371064052)], 'leptonSFIso': [(-0.044361368936242762, 0.99838558914561171)], 'schannel_rate': [(-0.0077005002255488009, 0.99284205271335058)], 'flatUnc': [(-0.41024753263786184, 0.32955658355838846)], 'tchannel_rate': [(-0.058195274259316143, 0.9897637593820221)], 'BTag': [(0.13276984399632141, 0.96741697138294969)], 'PU': [(0.18907985655599013, 0.89355415371978575)], 'leptonSFID': [(-0.23473484966377711, 0.97520210139959662)], 'wjets_rate': [(0.46077274972449445, 1.0598853232375252)], 'wjets_rate_El': [(0.7169994744679089, 0.67876199306306839)], 'leptonSFTrig': [(-0.12485901379717834, 0.98526594175191606)], 'JER': [(-0.57553347874834948, 0.1831183430334451)], 'JES': [(-0.4713394219480822, 0.27905831480350018)], 'bkg': [(-0.30142073506964717, 0.45419303409097855)], 'wjets_rate_Mu': [(0.099203409359540196, 0.99975726603827786)], 'ttbar_rate': [(0.019601361287230112, 0.87279774241610353)], 'zjets_rate': [(1.6400307501098066, 0.83887853611463958)], 'beta_signal': [(0.58150815148516877, 0.77172708593194694)], 'Mass': [(-0.70508956115424049, 0.84102199779350761)], 'MisTag': [(-0.044662749819654124, 0.76092069310906885)], 'lumi': [(0.38041895550895521, 0.95183282463304986)], 'PDF': [(-0.44576236066986397, 0.59668434953396954)], 'UnclusteredMET': [(0.15771504615687171, 0.81474552200086903)], 'subjet_scalefactor': [(0.05906029012660774, 1.0071135405926839)], '__nll': [-150499.87076889595], 'ttbar_rate_had': [(0.11279696977193776, 0.93474267902267005)], 'tau_scalefactor': [(0.079113488043620173, 0.98587233018210307)], 'QCD_rate_El': [(-0.94578181257239802, 0.75134040500081301)], 'QCD_rate_Mu': [(0.68622832396866329, 0.8225055187431134)], 'tW_rate': [(0.42689296640179109, 1.054088949548599)]}, 'bs1800': {'Q2': [(-0.69142764985126348, 0.15608765544293846)], 'trig': [(-0.017932186794483052, 0.69105662367446152)], 'diBoson_rate': [(0.39928800994802849, 0.31210811122615079)], 'leptonSFIso': [(-0.045420208433740505, 0.69079059946992327)], 'schannel_rate': [(-0.0076932666337246047, 0.68987119825177956)], 'flatUnc': [(-0.40916124682228983, 0.050147488637343418)], 'tchannel_rate': [(-0.054733271518710325, 0.70082215176436158)], 'BTag': [(0.12680282620937255, 0.3856009899076871)], 'PU': [(0.20358497130047404, 0.61282745766925073)], 'leptonSFID': [(-0.2424233922217347, 0.5595058077759969)], 'wjets_rate': [(0.45009552729362312, 0.72712364315155886)], 'wjets_rate_El': [(0.73441126941187651, 0.20226149681656436)], 'leptonSFTrig': [(-0.12982293480897145, 0.60434034444547935)], 'JER': [(-0.57925255817637389, 0.12340088795572779)], 'JES': [(-0.40580381220953221, 0.19511385034935769)], 'bkg': [(-0.21101597998839861, 2.302104155935734)], 'wjets_rate_Mu': [(0.11067483542740408, 0.35308501280426885)], 'ttbar_rate': [(-0.0098107302833732035, 0.17244236929285472)], 'zjets_rate': [(1.6729226200209437, 0.39808741143737958)], 'beta_signal': [(1.817382599966777e-08, 218.6580774832471)], 'Mass': [(-0.66736382769965985, 0.54863631656219614)], 'MisTag': [(-0.044873470944400751, 0.4896713336218137)], 'lumi': [(0.36895439074912595, 0.25243608383524219)], 'PDF': [(-0.43790226274019339, 0.17217945086016462)], 'UnclusteredMET': [(0.12784334719189516, 0.55582893644433407)], 'subjet_scalefactor': [(0.057488010889635177, 0.82125915959718565)], '__nll': [-150499.60784513855], 'ttbar_rate_had': [(0.081264376369843738, 1.4766763379493211)], 'tau_scalefactor': [(0.066694784595576095, 1.1972077655331355)], 'QCD_rate_El': [(-0.95346233990952456, 0.4130841400039762)], 'QCD_rate_Mu': [(0.67739657155816069, 0.4053391134589126)], 'tW_rate': [(0.41621296280715825, 0.36012785230960054)]}, 'bs1300': {'Q2': [(-0.69239410957593872, 0.18592968786813069)], 'trig': [(-0.017432880577016974, 0.99375764970410918)], 'diBoson_rate': [(0.40103734038459482, 1.0726007497941668)], 'leptonSFIso': [(-0.045141321482184971, 0.99841457629428354)], 'schannel_rate': [(-0.0077937159168053327, 0.99283928102813879)], 'flatUnc': [(-0.41027150925455569, 0.32993800482584978)], 'tchannel_rate': [(-0.056209700555732489, 0.98988766683214346)], 'BTag': [(0.12806837516394687, 0.96825137563034591)], 'PU': [(0.20070819587854505, 0.90517140689724496)], 'leptonSFID': [(-0.23992286934371343, 0.9753222784709179)], 'wjets_rate': [(0.44790974513509418, 1.0585100703560339)], 'wjets_rate_El': [(0.72911434483337079, 0.69001538317474331)], 'leptonSFTrig': [(-0.1283195756025588, 0.98550304819251178)], 'JER': [(-0.58263360677984188, 0.18322092213346908)], 'JES': [(-0.40617624239580596, 0.29695176537909962)], 'bkg': [(-0.24355513793215433, 0.46375287390811915)], 'wjets_rate_Mu': [(0.11195178990314414, 0.99758215379690629)], 'ttbar_rate': [(-0.0019980449477339235, 0.87577438633844462)], 'zjets_rate': [(1.671928248260488, 0.83341102679461265)], 'beta_signal': [(0.041054803771796156, 0.23575348413506936)], 'Mass': [(-0.66620534876851689, 0.85961323154660563)], 'MisTag': [(-0.040641831188922062, 0.77143700402437876)], 'lumi': [(0.3698129903777323, 0.95264341160797095)], 'PDF': [(-0.44568998330179976, 0.60268784880635917)], 'UnclusteredMET': [(0.13385387150479655, 0.82652130856230732)], 'subjet_scalefactor': [(0.043470894831532547, 1.0097916325348604)], '__nll': [-150499.638924873], 'ttbar_rate_had': [(0.046744047072471595, 0.95564623443942587)], 'tau_scalefactor': [(0.044423815103452391, 0.99531267077832553)], 'QCD_rate_El': [(-0.95517024636027426, 0.75216572221466338)], 'QCD_rate_Mu': [(0.67746591413246637, 0.82805189111232247)], 'tW_rate': [(0.41510089882858381, 1.0533617462141454)]}, 'bs1400': {'Q2': [(-0.69059409677810812, 0.18372982956999184)], 'trig': [(-0.015488260277712662, 0.99375210098203182)], 'diBoson_rate': [(0.38818431509641638, 1.0731032513330607)], 'leptonSFIso': [(-0.043580253557028215, 0.99827089335504082)], 'schannel_rate': [(-0.0078483860932268001, 0.99282040527535886)], 'flatUnc': [(-0.40804751178253085, 0.32870171143449145)], 'tchannel_rate': [(-0.062143680908536503, 0.98939001379138047)], 'BTag': [(0.13950443277349489, 0.96826602818832352)], 'PU': [(0.20199687261782628, 0.90351519959700832)], 'leptonSFID': [(-0.22710587986789488, 0.97518725647309279)], 'wjets_rate': [(0.44393720716337892, 1.0580457003256192)], 'wjets_rate_El': [(0.72105016786079013, 0.68279597056127583)], 'leptonSFTrig': [(-0.1196678246925984, 0.98464724295658645)], 'JER': [(-0.59278068507310344, 0.18143302462408961)], 'JES': [(-0.39609504036494503, 0.30443541151002362)], 'bkg': [(-0.3643225336507605, 0.44336906445229785)], 'wjets_rate_Mu': [(0.1080119166095308, 0.99383789939188238)], 'ttbar_rate': [(0.025292025553979691, 0.87236756232211565)], 'zjets_rate': [(1.6854448299665776, 0.83259942021400812)], 'beta_signal': [(0.32050372390279058, 0.28262302819724505)], 'Mass': [(-0.65308751328298165, 0.86467859922303014)], 'MisTag': [(-0.046314743777944756, 0.72312521202354896)], 'lumi': [(0.37333061802143952, 0.95208705591337495)], 'PDF': [(-0.44722970135805795, 0.59372654489811949)], 'UnclusteredMET': [(0.1183080159722536, 0.83165205166180156)], 'subjet_scalefactor': [(-0.0064016530256703064, 1.0125969118466753)], '__nll': [-150500.32131070757], 'ttbar_rate_had': [(-0.020341199063590665, 0.93338711074362024)], 'tau_scalefactor': [(-0.0086064070824560801, 0.99119169099703242)], 'QCD_rate_El': [(-0.97316792379300399, 0.75231085931474984)], 'QCD_rate_Mu': [(0.63007254787625033, 0.85270372430382313)], 'tW_rate': [(0.34392985440366353, 1.0478935552502149)]}, 'bs2000': {'Q2': [(-0.69145722766196638, 0.18578309896415579)], 'trig': [(-0.017902412032825055, 0.99375551121736638)], 'diBoson_rate': [(0.40353223491303414, 1.0730326722213976)], 'leptonSFIso': [(-0.044943704662209427, 0.99857195406786348)], 'schannel_rate': [(-0.007697898823227689, 0.99283273599019384)], 'flatUnc': [(-0.40938283084813598, 0.32953437626293125)], 'tchannel_rate': [(-0.055534177222033243, 0.98989475335507326)], 'BTag': [(0.12389653448094684, 0.96821264722923583)], 'PU': [(0.20195646737567241, 0.90657638968458265)], 'leptonSFID': [(-0.2450579467310332, 0.97528061781036879)], 'wjets_rate': [(0.45328463204954161, 1.0588357040929943)], 'wjets_rate_El': [(0.73633110480572039, 0.68443905981903219)], 'leptonSFTrig': [(-0.13074640790062553, 0.985391582496431)], 'JER': [(-0.57988324252549983, 0.18159688776362692)], 'JES': [(-0.40668467770553818, 0.29569128161871028)], 'bkg': [(-0.21073281310793668, 0.43997784648515914)], 'wjets_rate_Mu': [(0.10944159082852956, 0.99578813263737231)], 'ttbar_rate': [(-0.0087084801495995734, 0.87476656564174604)], 'zjets_rate': [(1.6702200596848131, 0.83301065738333069)], 'beta_signal': [(1.8545607032072198e-05, 3.6468256757052422)], 'Mass': [(-0.67077057304265697, 0.85843948950172466)], 'MisTag': [(-0.043265132487561253, 0.76993638774421047)], 'lumi': [(0.36838426427388971, 0.95253025848592543)], 'PDF': [(-0.43568692365622308, 0.60179420507549719)], 'UnclusteredMET': [(0.12673951278799134, 0.83404244608587152)], 'subjet_scalefactor': [(0.058345878042993959, 1.0022049009565501)], '__nll': [-150499.607893548], 'ttbar_rate_had': [(0.082133199313818572, 0.93496509263209582)], 'tau_scalefactor': [(0.067565503082735567, 0.98464482199723369)], 'QCD_rate_El': [(-0.95373291426252926, 0.75192639557384178)], 'QCD_rate_Mu': [(0.67886909845532895, 0.82508695723877112)], 'tW_rate': [(0.4158043754477081, 1.0528632690314152)]}, 'bs1000': {'Q2': [(-0.69144581946748307, 0.1853270735010466)], 'trig': [(-0.017830748081584247, 0.99375567150498356)], 'diBoson_rate': [(0.39552522078913022, 1.0731916534194403)], 'leptonSFIso': [(-0.045475419636221481, 0.99858160712002286)], 'schannel_rate': [(-0.007792306308550323, 0.99283294718445148)], 'flatUnc': [(-0.40923940370098677, 0.32949608273236697)], 'tchannel_rate': [(-0.054769914656110252, 0.98992468979595216)], 'BTag': [(0.1266592919827394, 0.9683039126328663)], 'PU': [(0.20353977702349102, 0.90663670403871022)], 'leptonSFID': [(-0.24162855617712431, 0.97515953029734259)], 'wjets_rate': [(0.45008105013042954, 1.0587737384105091)], 'wjets_rate_El': [(0.7348868820667338, 0.68842923524012845)], 'leptonSFTrig': [(-0.13329395543552813, 0.9851158485903091)], 'JER': [(-0.57921348899464942, 0.18193660579716653)], 'JES': [(-0.40582432430077464, 0.30251862277869135)], 'bkg': [(-0.21103777730728357, 0.43678221897372715)], 'wjets_rate_Mu': [(0.10811372436523481, 0.99642241913989116)], 'ttbar_rate': [(-0.010333050284227596, 0.87476691467667278)], 'zjets_rate': [(1.6753985183598221, 0.83356818267159882)], 'beta_signal': [(8.1902067350370089e-09, 0.020090707869592994)], 'Mass': [(-0.67015695118544905, 0.86002302906960471)], 'MisTag': [(-0.043258810624053012, 0.7748054827380737)], 'lumi': [(0.37236056678104035, 0.9524835437771908)], 'PDF': [(-0.43661243904315494, 0.60328834152291289)], 'UnclusteredMET': [(0.12838853983403276, 0.83267449166329133)], 'subjet_scalefactor': [(0.057164656180081153, 1.0022882428992697)], '__nll': [-150499.60786270513], 'ttbar_rate_had': [(0.081214557018347122, 0.93535708384289684)], 'tau_scalefactor': [(0.065294036385635579, 0.985060235912953)], 'QCD_rate_El': [(-0.95459707709879105, 0.75233823616501061)], 'QCD_rate_Mu': [(0.67940323061982433, 0.82471675174506887)], 'tW_rate': [(0.4157983605250557, 1.0529544204394932)]}, 'bs1900': {'Q2': [(-0.6911978209915004, 0.18594096097197488)], 'trig': [(-0.017760885928336911, 0.99375765998396681)], 'diBoson_rate': [(0.39077714591074475, 1.0736481343036086)], 'leptonSFIso': [(-0.045099199721760463, 0.99849563222484417)], 'schannel_rate': [(-0.0076254163517193163, 0.99285118014402207)], 'flatUnc': [(-0.40988275605026647, 0.33010700988486619)], 'tchannel_rate': [(-0.054084992016749212, 0.98998577880173633)], 'BTag': [(0.13278462087034271, 0.96842958555994718)], 'PU': [(0.20962777245964315, 0.90911840386642639)], 'leptonSFID': [(-0.23571668924642797, 0.97529735117217764)], 'wjets_rate': [(0.44892249585853961, 1.0587638682984495)], 'wjets_rate_El': [(0.72749394007644952, 0.69499431711805482)], 'leptonSFTrig': [(-0.13150783674451461, 0.98509886354155762)], 'JER': [(-0.58048008219997804, 0.18257856645945791)], 'JES': [(-0.39941509513404139, 0.31620393564361926)], 'bkg': [(-0.22731498398817873, 0.48081563136382099)], 'wjets_rate_Mu': [(0.1188872804444161, 0.99963815856152083)], 'ttbar_rate': [(-0.0050971536289701191, 0.87572192035923502)], 'zjets_rate': [(1.6811999853455513, 0.83504449317627483)], 'beta_signal': [(0.15081460774082056, 2.7053293582788109)], 'Mass': [(-0.66414329060608601, 0.86218876223130536)], 'MisTag': [(-0.043691563241637255, 0.78360616176328524)], 'lumi': [(0.36401608759386139, 0.95273902893061013)], 'PDF': [(-0.44794512568118883, 0.60727703500493124)], 'UnclusteredMET': [(0.12799847771162209, 0.83234774102338926)], 'subjet_scalefactor': [(0.058250361680242335, 1.00405574075159)], '__nll': [-150499.61863883527], 'ttbar_rate_had': [(0.088059468250646589, 0.93865390161023754)], 'tau_scalefactor': [(0.071599370473626855, 0.98516193203832447)], 'QCD_rate_El': [(-0.95248944612193931, 0.75260224785468566)], 'QCD_rate_Mu': [(0.67997385090599938, 0.82678398961275734)], 'tW_rate': [(0.42127091129184802, 1.053934939202041)]}, 'bs1500': {'Q2': [(-0.6753086635710055, 0.18081226335845146)], 'trig': [(-0.013590086999636597, 0.99375261423541139)], 'diBoson_rate': [(0.38754867217586053, 1.0731696395503683)], 'leptonSFIso': [(-0.042482990166311296, 0.99806142246597429)], 'schannel_rate': [(-0.0079246435652704506, 0.99281507326491947)], 'flatUnc': [(-0.4098936406282494, 0.32802611143265992)], 'tchannel_rate': [(-0.060258469274153903, 0.98958327690965198)], 'BTag': [(0.14895303091538548, 0.96777392516444705)], 'PU': [(0.20024527306165574, 0.89783989531954989)], 'leptonSFID': [(-0.21591830008989366, 0.97503873708523625)], 'wjets_rate': [(0.44973622607757235, 1.0584800990118182)], 'wjets_rate_El': [(0.70548056235816237, 0.68230037859581083)], 'leptonSFTrig': [(-0.1175580059222634, 0.98433771880585819)], 'JER': [(-0.59154273836935189, 0.18249816945030606)], 'JES': [(-0.43489978577241306, 0.28827014398628048)], 'bkg': [(-0.47796716938352635, 0.4418097203515261)], 'wjets_rate_Mu': [(0.099539778660578726, 0.99404506804607617)], 'ttbar_rate': [(0.064838929553843627, 0.86938480789570294)], 'zjets_rate': [(1.6725981099695719, 0.83526087673984684)], 'beta_signal': [(0.79226940499498211, 0.42684293069653245)], 'Mass': [(-0.67710729005046133, 0.85411214098662547)], 'MisTag': [(-0.045978604797997313, 0.72533145150319678)], 'lumi': [(0.38749746073268287, 0.95127172550725136)], 'PDF': [(-0.45282370560689333, 0.58664675127927968)], 'UnclusteredMET': [(0.13875896448358205, 0.82051804340034495)], 'subjet_scalefactor': [(-0.034621451189173591, 1.0092439896250829)], '__nll': [-150501.8398319254], 'ttbar_rate_had': [(0.026203204973573868, 0.92777222051214503)], 'tau_scalefactor': [(-0.0099268239798835367, 0.98745785929163232)], 'QCD_rate_El': [(-0.97542555253803531, 0.75208829219636653)], 'QCD_rate_Mu': [(0.6209444519502707, 0.85567019423271873)], 'tW_rate': [(0.29126022746571945, 1.0415163389673552)]}, 'bs900': {'Q2': [(-0.69129718375408178, 0.18535462961085569)], 'trig': [(-0.017314337540772939, 0.99375563329216021)], 'diBoson_rate': [(0.39977679152833989, 1.0727573179738306)], 'leptonSFIso': [(-0.044129051206945213, 0.99852363605696559)], 'schannel_rate': [(-0.0076206260509543711, 0.99284040034483523)], 'flatUnc': [(-0.40923320200892022, 0.32953611602159727)], 'tchannel_rate': [(-0.054376420379247392, 0.98995410944476969)], 'BTag': [(0.12802307467103624, 0.96823949931066711)], 'PU': [(0.20174301235234893, 0.90671807143552252)], 'leptonSFID': [(-0.24221088431610127, 0.97515297490586006)], 'wjets_rate': [(0.44963743542992951, 1.0587794645171029)], 'wjets_rate_El': [(0.73500086976939372, 0.6881548626548426)], 'leptonSFTrig': [(-0.13004609519468335, 0.98501318920139136)], 'JER': [(-0.57940304954277799, 0.18209552011021701)], 'JES': [(-0.40621423751312857, 0.3025584090966178)], 'bkg': [(-0.21284018226358103, 0.43688769081732959)], 'wjets_rate_Mu': [(0.11191807575153145, 0.99705501752780501)], 'ttbar_rate': [(-0.0081620698597317798, 0.87475640440908053)], 'zjets_rate': [(1.6711581595727836, 0.8338681132033936)], 'beta_signal': [(7.4563063057198065e-08, 0.026785944872156131)], 'Mass': [(-0.66931011467808421, 0.86035076562708901)], 'MisTag': [(-0.045257643049673391, 0.77388584900857316)], 'lumi': [(0.36792287235960153, 0.95255044100401465)], 'PDF': [(-0.43895113363744276, 0.60296599389057781)], 'UnclusteredMET': [(0.1303414476187541, 0.83174839646236176)], 'subjet_scalefactor': [(0.056518062870907215, 1.0022365726426057)], '__nll': [-150499.60786539994], 'ttbar_rate_had': [(0.084551873929794574, 0.93532064042048857)], 'tau_scalefactor': [(0.066700030279931433, 0.98501225156198524)], 'QCD_rate_El': [(-0.95512541123413897, 0.75215144625820596)], 'QCD_rate_Mu': [(0.67638702765592384, 0.82922965823444672)], 'tW_rate': [(0.41710735048126857, 1.0527295642241277)]}, 'bs1100': {'Q2': [(-0.70026105012411044, 0.18664307931828317)], 'trig': [(-0.018001151475127486, 0.99375879927698407)], 'diBoson_rate': [(0.39209707053172327, 1.0731739349563778)], 'leptonSFIso': [(-0.045203069140701935, 0.998505318064137)], 'schannel_rate': [(-0.0077732574463338366, 0.99283012087358768)], 'flatUnc': [(-0.4074976284157934, 0.32961022731732381)], 'tchannel_rate': [(-0.054175879099975788, 0.98996125557692127)], 'BTag': [(0.12624662586763247, 0.9686335661788501)], 'PU': [(0.19871812495025409, 0.90670734095569516)], 'leptonSFID': [(-0.24187004883376417, 0.97523223761099898)], 'wjets_rate': [(0.44315476088364658, 1.0580038609706937)], 'wjets_rate_El': [(0.73377586159220165, 0.68644971032580271)], 'leptonSFTrig': [(-0.12768958636603855, 0.98498372263371814)], 'JER': [(-0.59346335545558304, 0.18755797064696811)], 'JES': [(-0.37630863165608375, 0.31782810452628096)], 'bkg': [(-0.27231710000689269, 0.47929864806153777)], 'wjets_rate_Mu': [(0.11624016746686028, 0.99570205582460236)], 'ttbar_rate': [(-0.0079818370078257317, 0.87488063883275613)], 'zjets_rate': [(1.6925521922581224, 0.83392279155775739)], 'beta_signal': [(0.038504026451917417, 0.12075923265564237)], 'Mass': [(-0.64967537134441233, 0.86787305166933848)], 'MisTag': [(-0.045227293097495291, 0.75982069378467632)], 'lumi': [(0.36998159890374271, 0.95262154469086946)], 'PDF': [(-0.44106958878483216, 0.60106096357671368)], 'UnclusteredMET': [(0.10804189145883658, 0.83973151867080142)], 'subjet_scalefactor': [(0.049282462180271658, 1.0104919546992921)], '__nll': [-150499.67696866457], 'ttbar_rate_had': [(0.0025901897342324176, 0.97813392604866634)], 'tau_scalefactor': [(0.032853274905201957, 1.002099739901277)], 'QCD_rate_El': [(-0.96889287570538229, 0.75381441313179409)], 'QCD_rate_Mu': [(0.64604468355796651, 0.85544269996318656)], 'tW_rate': [(0.39406910541754492, 1.0539434654949638)]}, 'bs1600': {'Q2': [(-0.65222685764887967, 0.16873757875883699)], 'trig': [(-0.013476740377790897, 0.99375015727779492)], 'diBoson_rate': [(0.39642335416333996, 1.0723370681166577)], 'leptonSFIso': [(-0.041943284867530295, 0.99808697270967084)], 'schannel_rate': [(-0.007856411750171155, 0.99281602725280238)], 'flatUnc': [(-0.40959156235521998, 0.33172087886269086)], 'tchannel_rate': [(-0.061839285579903702, 0.98957617704130452)], 'BTag': [(0.1518967240011726, 0.972971624557879)], 'PU': [(0.17943906306403612, 0.87337978196804755)], 'leptonSFID': [(-0.21852344436057169, 0.97472895305631524)], 'wjets_rate': [(0.47050666221445425, 1.0598777511650477)], 'wjets_rate_El': [(0.69124836618302865, 0.69455707054373228)], 'leptonSFTrig': [(-0.11380347438542326, 0.98489012157632505)], 'JER': [(-0.5784812272191413, 0.17079044526565923)], 'JES': [(-0.53642296628786656, 0.23941894251095741)], 'bkg': [(-0.46719045175517326, 0.44843957519558053)], 'wjets_rate_Mu': [(0.081695252028233689, 1.005706124599171)], 'ttbar_rate': [(0.077149902093896827, 0.87247379422231752)], 'zjets_rate': [(1.6139951468960083, 0.83821509713003106)], 'beta_signal': [(1.1371244300892633, 0.62868276385961896)], 'Mass': [(-0.73310867288768478, 0.83354405280433186)], 'MisTag': [(-0.039923657844298077, 0.7569307449697904)], 'lumi': [(0.39604721267442322, 0.95190374056675697)], 'PDF': [(-0.45167191557350428, 0.60791052788781696)], 'UnclusteredMET': [(0.18309996553064423, 0.79309042601065904)], 'subjet_scalefactor': [(0.010674892968829397, 1.0077663012733704)], '__nll': [-150501.70651827185], 'ttbar_rate_had': [(0.11208409444368872, 0.92803112380586894)], 'tau_scalefactor': [(0.049052946636552797, 0.98578416345975262)], 'QCD_rate_El': [(-0.94977770641059145, 0.75038206588906098)], 'QCD_rate_Mu': [(0.6544927540382357, 0.83677229161514033)], 'tW_rate': [(0.36212308747487221, 1.0461366750626002)]}, 'bs800': {'Q2': [(-0.69163220446089291, 0.18490453521177574)], 'trig': [(-0.018043189830057926, 0.99375558606319414)], 'diBoson_rate': [(0.39747658733652269, 1.0735394178084325)], 'leptonSFIso': [(-0.045606470810795052, 0.99849289224195958)], 'schannel_rate': [(-0.0077076794756276712, 0.99283076227837452)], 'flatUnc': [(-0.40946248197531165, 0.32981091401692897)], 'tchannel_rate': [(-0.055029943231772904, 0.98991970570107046)], 'BTag': [(0.12893782428737488, 0.96809487367751812)], 'PU': [(0.20278096769982046, 0.90682854579863426)], 'leptonSFID': [(-0.24312902184712293, 0.97522500340783425)], 'wjets_rate': [(0.45090150694186981, 1.058454515145884)], 'wjets_rate_El': [(0.7321686326613257, 0.68996277431030784)], 'leptonSFTrig': [(-0.12826711081259656, 0.98556303282957614)], 'JER': [(-0.57923305657808211, 0.18285195146526023)], 'JES': [(-0.4058402593967676, 0.29306718967440126)], 'bkg': [(-0.21155603424870595, 0.43643413842952272)], 'wjets_rate_Mu': [(0.11278101550820985, 0.99845226591291381)], 'ttbar_rate': [(-0.010075515960309644, 0.87555161715143992)], 'zjets_rate': [(1.674583698722178, 0.83297595791406476)], 'beta_signal': [(9.7684236477491027e-08, 0.066737815657116228)], 'Mass': [(-0.66673173004116126, 0.86067079865336615)], 'MisTag': [(-0.044920378212354173, 0.77791901672394337)], 'lumi': [(0.37061536933733219, 0.9526553586544213)], 'PDF': [(-0.44087545492503377, 0.60727025146986802)], 'UnclusteredMET': [(0.12801371533453665, 0.83241445391453528)], 'subjet_scalefactor': [(0.05630182936357464, 1.0021419981646136)], '__nll': [-150499.60788203447], 'ttbar_rate_had': [(0.082292661927409583, 0.93522988127462758)], 'tau_scalefactor': [(0.065383660114393116, 0.98493018708103053)], 'QCD_rate_El': [(-0.9530007943708938, 0.75522791794568622)], 'QCD_rate_Mu': [(0.67924349493957692, 0.8348365452949853)], 'tW_rate': [(0.41823873181449667, 1.0534575215444812)]}, 'bs1200': {'Q2': [(-0.69180266079522301, 0.18194994136556142)], 'trig': [(-0.017514712426534906, 0.99375817055876281)], 'diBoson_rate': [(0.38192357548958267, 1.0737100135159188)], 'leptonSFIso': [(-0.044610170497096036, 0.99841711529037203)], 'schannel_rate': [(-0.0076950094492342913, 0.99284934052208529)], 'flatUnc': [(-0.40643448286475437, 0.33070216606094771)], 'tchannel_rate': [(-0.054809157552405452, 0.98995299629299538)], 'BTag': [(0.13230547541110393, 0.96816388627259764)], 'PU': [(0.18995152241127489, 0.90230154614457225)], 'leptonSFID': [(-0.23852429857343793, 0.97540609664445022)], 'wjets_rate': [(0.45048141076979231, 1.0587056144249787)], 'wjets_rate_El': [(0.72510117862772372, 0.68631139919476425)], 'leptonSFTrig': [(-0.12568483954267773, 0.9855664805876363)], 'JER': [(-0.5823882047248734, 0.18366339793991182)], 'JES': [(-0.42495734067021651, 0.29488844510773315)], 'bkg': [(-0.24932304590263055, 0.45693728559945779)], 'wjets_rate_Mu': [(0.12455038605234758, 0.99860356270342088)], 'ttbar_rate': [(0.0020031838881084951, 0.87626444823873717)], 'zjets_rate': [(1.6674246386702016, 0.83401915424679629)], 'beta_signal': [(0.044152017348578765, 0.14502273187686765)], 'Mass': [(-0.66905068664739531, 0.85634199356526608)], 'MisTag': [(-0.046551672155772827, 0.75578880634365175)], 'lumi': [(0.37289717407874701, 0.95262687348978492)], 'PDF': [(-0.45136004181263445, 0.60302003229580059)], 'UnclusteredMET': [(0.1340331133274324, 0.8263843247455509)], 'subjet_scalefactor': [(0.053777304537086401, 1.0090462567707155)], '__nll': [-150499.65931201194], 'ttbar_rate_had': [(0.021577609897711625, 0.95942057872484154)], 'tau_scalefactor': [(0.042848467546307667, 0.99615742795514617)], 'QCD_rate_El': [(-0.95194897488787955, 0.7515980381374141)], 'QCD_rate_Mu': [(0.66540574561583998, 0.83836136206763534)], 'tW_rate': [(0.41005597831742602, 1.0531535079134131)]}}
covl = ['BTag', 'JER', 'JES', 'Mass', 'MisTag', 'PDF', 'PU', 'Q2', 'QCD_rate_El', 'QCD_rate_Mu', 'UnclusteredMET', 'beta_signal', 'bkg', 'diBoson_rate', 'flatUnc', 'leptonSFID', 'leptonSFIso', 'leptonSFTrig', 'lumi', 'schannel_rate', 'subjet_scalefactor', 'tW_rate', 'tau_scalefactor', 'tchannel_rate', 'trig', 'ttbar_rate', 'ttbar_rate_had', 'wjets_rate', 'wjets_rate_El', 'wjets_rate_Mu', 'zjets_rate']
cov = [[  9.49329174e-01,   1.48108338e-03,   1.79879135e-03,
          2.20783695e-03,   1.45534576e-02,  -1.24288319e-01,
          3.47843689e-02,   5.78095575e-03,   4.20936773e-02,
          2.46281098e-02,   1.56247158e-02,   1.10967177e-03,
          2.59763288e-04,  -6.56196841e-03,   3.96926452e-02,
         -3.90899503e-02,  -6.63544456e-03,  -2.55843701e-02,
         -5.03548325e-02,  -1.65334001e-05,  -2.69304047e-03,
         -4.92223262e-02,  -3.30946358e-03,   1.89008370e-03,
          1.10800923e-05,  -9.12663492e-02,  -5.12609801e-03,
          2.69592382e-04,  -2.65652286e-01,  -1.37442966e-01,
         -3.06900671e-02],
       [  1.48108338e-03,   3.37476664e-02,  -9.77627937e-03,
         -1.26764735e-03,   1.17202448e-03,  -5.79940063e-03,
          2.30415389e-02,   1.41889330e-03,  -9.01699914e-04,
          5.26578227e-03,   1.96811377e-02,  -2.78066318e-03,
          4.98368589e-03,   1.07273568e-02,  -1.31295711e-02,
         -1.44030494e-03,  -2.24829387e-04,  -7.49071756e-04,
          1.03086085e-03,  -5.40260560e-05,   2.94064775e-03,
         -7.60653653e-03,   4.73349580e-03,  -8.01392051e-04,
         -2.77111648e-05,   1.97747791e-02,   8.37160299e-03,
         -1.97590452e-02,  -1.85750470e-03,   3.81211997e-03,
         -4.46927031e-02],
       [  1.79879135e-03,  -9.77627937e-03,   8.70611499e-02,
          3.53842227e-02,   1.81321884e-03,  -3.36879034e-03,
          3.58782898e-02,  -3.47509327e-03,  -1.15514366e-02,
         -1.39858240e-02,  -3.05022396e-02,  -1.40293255e-02,
         -3.54633303e-03,   7.34630797e-05,  -7.59530992e-03,
         -3.41609074e-03,  -3.81925002e-04,  -2.29709506e-03,
          1.64833424e-03,   1.02605591e-06,   8.47496939e-03,
          2.35705982e-03,   5.81063588e-03,   3.56555985e-03,
         -1.56365707e-04,  -1.35402234e-02,  -1.00687665e-03,
         -1.21772334e-02,  -6.43519485e-03,   4.96522610e-03,
          4.83584567e-02],
       [  2.20783695e-03,  -1.26764735e-03,   3.53842227e-02,
          7.40756434e-01,   8.39892583e-03,  -8.39889323e-02,
          4.27815145e-02,  -3.65650020e-02,  -1.09949141e-02,
          1.09431182e-02,  -8.23956100e-02,  -2.50066072e-03,
         -1.17337482e-03,   2.86024719e-04,   3.48040367e-04,
         -1.26919467e-02,  -1.41113947e-03,  -7.85447733e-03,
         -5.47978852e-03,  -8.08191141e-04,   3.36739236e-03,
          5.67904530e-03,   1.02845294e-02,   6.30294288e-03,
         -6.48853342e-07,  -1.82001510e-02,   2.45231220e-02,
         -7.00935562e-03,  -3.33529472e-02,   1.24205074e-02,
          1.05089404e-02],
       [  1.45534576e-02,   1.17202448e-03,   1.81321884e-03,
          8.39892583e-03,   5.75630360e-01,  -5.39562797e-02,
         -1.33536302e-02,   4.68319274e-03,   1.86014591e-02,
         -3.33973901e-02,   1.31099113e-03,  -3.16868178e-03,
          1.85918593e-03,   2.69343264e-03,  -9.12185154e-03,
         -4.34183685e-03,  -9.71934120e-04,  -2.13990322e-03,
          1.08461473e-02,   1.01784193e-04,   2.52532335e-03,
          1.06152487e-02,   1.77383217e-03,   1.19479690e-03,
         -3.60542967e-05,   1.95603869e-02,   1.49058204e-04,
         -6.96434266e-04,  -1.02979330e-01,  -2.02137528e-02,
          2.29111324e-03],
       [ -1.24288319e-01,  -5.79940063e-03,  -3.36879034e-03,
         -8.39889323e-02,  -5.39562797e-02,   3.65428381e-01,
          1.62167338e-02,  -1.14056056e-02,  -1.21035705e-01,
         -1.83048352e-01,  -3.12855797e-02,  -1.84456813e-03,
          8.28405971e-03,  -2.87018650e-02,   7.58945009e-02,
         -6.93746964e-02,  -9.17680495e-03,  -5.67029791e-02,
         -9.14793075e-02,  -2.96528731e-03,  -8.83633900e-05,
         -9.04266674e-02,   5.79727544e-03,  -1.89888835e-02,
          1.19948668e-05,  -1.66285701e-01,   1.70511904e-02,
          6.25611128e-03,   2.36311211e-01,  -2.88084992e-01,
         -2.02246730e-02],
       [  3.47843689e-02,   2.30415389e-02,   3.58782898e-02,
          4.27815145e-02,  -1.33536302e-02,   1.62167338e-02,
          8.23174322e-01,   3.08734742e-02,  -6.97373069e-02,
         -1.09881752e-01,   4.88357694e-02,  -1.28831240e-02,
          1.74778893e-03,   8.93123807e-03,  -2.37400751e-02,
         -1.16876534e-03,   2.96944402e-04,   5.84175614e-04,
          1.20331431e-02,  -1.22792781e-03,   7.92931119e-03,
          1.39413254e-02,   5.79662887e-04,  -4.91507378e-03,
         -1.67691058e-04,   2.68132911e-02,  -1.55562897e-02,
         -2.28179865e-02,  -1.66635207e-02,   2.87864147e-02,
         -1.46231098e-03],
       [  5.78095575e-03,   1.41889330e-03,  -3.47509327e-03,
         -3.65650020e-02,   4.68319274e-03,  -1.14056056e-02,
          3.08734742e-02,   3.31207208e-02,   7.48711844e-03,
         -1.37673402e-02,   2.45318861e-02,  -1.59276709e-03,
         -1.55465467e-03,   5.08453804e-03,  -1.11577401e-02,
          2.11446704e-03,   5.17062836e-04,   1.89238975e-03,
          1.38463086e-02,  -3.78663545e-06,  -6.02233017e-04,
          7.33635094e-03,  -8.46847968e-03,  -4.69828561e-04,
         -4.76580430e-05,   2.72180786e-02,  -2.49608952e-02,
         -2.98533542e-04,  -3.06995535e-02,   1.28558685e-02,
          3.65978492e-03],
       [  4.20936773e-02,  -9.01699914e-04,  -1.15514366e-02,
         -1.09949141e-02,   1.86014591e-02,  -1.21035705e-01,
         -6.97373069e-02,   7.48711844e-03,   5.69379925e-01,
          8.14569861e-02,  -5.12377425e-02,  -2.34852661e-03,
          1.60723340e-03,  -6.45326182e-03,  -3.07765151e-02,
          1.55574089e-02,   2.15633704e-03,   1.14439258e-02,
          4.02007970e-02,  -1.61960553e-03,   3.24375537e-03,
          5.27399479e-02,   1.58903659e-03,  -1.17131788e-02,
         -3.18721096e-05,   7.35595868e-02,  -1.34865190e-03,
          2.04266842e-03,  -2.94350053e-01,   7.13639482e-02,
          2.83586918e-02],
       [  2.46281098e-02,   5.26578227e-03,  -1.39858240e-02,
          1.09431182e-02,  -3.33973901e-02,  -1.83048352e-01,
         -1.09881752e-01,  -1.37673402e-02,   8.14569861e-02,
          7.09673547e-01,  -5.68595500e-02,  -9.45775521e-03,
          1.07463572e-02,   1.57881967e-02,  -5.35447787e-02,
          4.24827454e-03,   3.50540244e-03,  -1.07573717e-02,
          6.32846367e-02,  -2.66176486e-03,   1.13005897e-02,
          7.17651850e-02,   1.66791328e-02,  -2.22631785e-02,
         -7.79900976e-05,   1.29920895e-01,   2.84112175e-02,
          2.70885029e-03,  -1.17306958e-01,  -1.81113923e-01,
         -5.25940766e-03],
       [  1.56247158e-02,   1.96811377e-02,  -3.05022396e-02,
         -8.23956100e-02,   1.31099113e-03,  -3.12855797e-02,
          4.88357694e-02,   2.45318861e-02,  -5.12377425e-02,
         -5.68595500e-02,   6.89238952e-01,   1.36475915e-03,
          2.30903164e-03,   8.02056735e-03,  -5.12941537e-03,
          1.62812041e-03,   9.70179229e-04,   1.71797767e-03,
         -9.43850356e-04,  -1.72826418e-03,  -1.30506724e-03,
          1.55561884e-03,  -5.15929803e-03,  -1.00899445e-02,
         -3.59199493e-06,   1.35827518e-02,  -1.29748708e-02,
         -6.22207898e-03,   1.36115350e-02,   1.05357961e-01,
         -3.60627692e-02],
       [  1.10967177e-03,  -2.78066318e-03,  -1.40293255e-02,
         -2.50066072e-03,  -3.16868178e-03,  -1.84456813e-03,
         -1.28831240e-02,  -1.59276709e-03,  -2.34852661e-03,
         -9.45775521e-03,   1.36475915e-03,   2.68926196e-02,
         -2.42815711e-02,  -4.18304925e-03,   2.57165232e-03,
          3.01783739e-03,   3.87972210e-04,   1.84783430e-03,
         -2.28930186e-03,   7.45827052e-07,  -2.17187823e-02,
         -6.15181070e-03,  -2.71733233e-02,  -1.39095971e-04,
          2.52368296e-04,   6.71555795e-03,  -3.72801421e-02,
          7.67906487e-04,  -2.09280259e-04,   1.08721404e-03,
         -5.07027886e-03],
       [  2.59763288e-04,   4.98368589e-03,  -3.54633303e-03,
         -1.17337482e-03,   1.85918593e-03,   8.28405971e-03,
          1.74778893e-03,  -1.55465467e-03,   1.60723340e-03,
          1.07463572e-02,   2.30903164e-03,  -2.42815711e-02,
          2.09378181e-01,   4.60989415e-03,   4.12333099e-03,
         -8.89232511e-04,  -9.35115894e-05,  -4.73729673e-04,
         -3.30900316e-03,   9.98258952e-08,  -1.46411188e-02,
         -4.07929296e-02,  -7.62860635e-02,  -3.34745098e-03,
         -9.95910877e-04,  -1.81628617e-03,  -2.01004218e-01,
          1.61285934e-03,   1.23881909e-02,  -7.02078923e-04,
         -3.80906699e-03],
       [ -6.56196841e-03,   1.07273568e-02,   7.34630797e-05,
          2.86024719e-04,   2.69343264e-03,  -2.87018650e-02,
          8.93123807e-03,   5.08453804e-03,  -6.45326182e-03,
          1.57881967e-02,   8.02056735e-03,  -4.18304925e-03,
          4.60989415e-03,   1.17117047e+00,  -1.74036722e-01,
         -9.19458213e-03,  -1.46153787e-03,  -5.54031619e-03,
         -2.90284712e-02,  -9.05159991e-05,   2.79897005e-03,
         -1.62747535e-02,   3.22018798e-03,  -8.28844725e-04,
         -4.21333430e-05,   1.22274537e-01,   3.69783733e-03,
         -3.94104687e-02,  -3.28023080e-02,  -1.10856209e-02,
         -3.21019378e-01],
       [  3.96926452e-02,  -1.31295711e-02,  -7.59530992e-03,
          3.48040367e-04,  -9.12185154e-03,   7.58945009e-02,
         -2.37400751e-02,  -1.11577401e-02,  -3.07765151e-02,
         -5.35447787e-02,  -5.12941537e-03,   2.57165232e-03,
          4.12333099e-03,  -1.74036722e-01,   1.09525160e-01,
          3.30613453e-02,   5.10135422e-03,   2.19783317e-02,
         -1.04246553e-01,   9.88312668e-05,  -3.44933553e-03,
         -7.71887654e-02,   1.20257264e-03,  -2.60626147e-03,
          5.24844522e-05,  -1.91030416e-01,   1.02174904e-02,
          8.27024781e-03,   1.22930889e-01,   3.88086146e-02,
         -6.58908401e-03],
       [ -3.90899503e-02,  -1.44030494e-03,  -3.41609074e-03,
         -1.26919467e-02,  -4.34183685e-03,  -6.93746964e-02,
         -1.16876534e-03,   2.11446704e-03,   1.55574089e-02,
          4.24827454e-03,   1.62812041e-03,   3.01783739e-03,
         -8.89232511e-04,  -9.19458213e-03,   3.30613453e-02,
          9.63791444e-01,  -6.15998229e-03,  -2.78066504e-02,
         -4.01445445e-02,  -5.87920081e-04,  -3.47993595e-03,
         -3.45436309e-02,  -3.64994716e-03,   1.11040312e-04,
          3.23994377e-05,  -7.45468165e-02,  -4.24188070e-03,
          2.16891655e-03,   2.27165068e-02,  -9.17015825e-02,
         -1.69814450e-02],
       [ -6.63544456e-03,  -2.24829387e-04,  -3.81925002e-04,
         -1.41113947e-03,  -9.71934120e-04,  -9.17680495e-03,
          2.96944402e-04,   5.17062836e-04,   2.15633704e-03,
          3.50540244e-03,   9.70179229e-04,   3.87972210e-04,
         -9.35115894e-05,  -1.46153787e-03,   5.10135422e-03,
         -6.15998229e-03,   1.01040386e+00,  -4.14667940e-03,
         -6.18293329e-03,  -8.03156686e-05,  -5.00071297e-04,
         -5.68193803e-03,  -5.58135268e-04,   1.06499427e-06,
          4.09886552e-06,  -1.14449532e-02,  -7.24596567e-04,
          3.09885572e-04,   7.83382641e-03,  -1.41401944e-02,
         -2.45796530e-03],
       [ -2.55843701e-02,  -7.49071756e-04,  -2.29709506e-03,
         -7.85447733e-03,  -2.13990322e-03,  -5.67029791e-02,
          5.84175614e-04,   1.89238975e-03,   1.14439258e-02,
         -1.07573717e-02,   1.71797767e-03,   1.84783430e-03,
         -4.73729673e-04,  -5.54031619e-03,   2.19783317e-02,
         -2.78066504e-02,  -4.14667940e-03,   9.84223334e-01,
         -2.68736879e-02,  -3.59663194e-04,  -2.21195355e-03,
         -2.29494491e-02,  -2.40094560e-03,  -6.80458287e-05,
          1.95952405e-05,  -4.97811208e-02,  -2.96181206e-03,
          1.36547574e-03,  -7.70565175e-03,  -5.95877266e-02,
         -1.21154974e-02],
       [ -5.03548325e-02,   1.03086085e-03,   1.64833424e-03,
         -5.47978852e-03,   1.08461473e-02,  -9.14793075e-02,
          1.20331431e-02,   1.38463086e-02,   4.02007970e-02,
          6.32846367e-02,  -9.43850356e-04,  -2.28930186e-03,
         -3.30900316e-03,  -2.90284712e-02,  -1.04246553e-01,
         -4.01445445e-02,  -6.18293329e-03,  -2.68736879e-02,
          9.18783368e-01,  -3.32123898e-04,   1.57517529e-03,
         -7.19532373e-02,  -3.12570486e-03,   1.67760456e-03,
         -3.98321638e-05,  -1.46187276e-01,  -1.24235891e-02,
          8.03229533e-04,  -1.52556182e-01,  -5.02500051e-02,
         -3.75727757e-02],
       [ -1.65334001e-05,  -5.40260560e-05,   1.02605591e-06,
         -8.08191141e-04,   1.01784193e-04,  -2.96528731e-03,
         -1.22792781e-03,  -3.78663545e-06,  -1.61960553e-03,
         -2.66176486e-03,  -1.72826418e-03,   7.45827052e-07,
          9.98258952e-08,  -9.05159991e-05,   9.88312668e-05,
         -5.87920081e-04,  -8.03156686e-05,  -3.59663194e-04,
         -3.32123898e-04,   9.99012530e-01,  -7.65919072e-07,
          5.21163658e-05,  -7.87573464e-07,  -8.57464234e-05,
          2.05439378e-08,  -1.01002277e-04,  -8.38481956e-07,
          3.21730282e-05,  -4.10894599e-03,  -2.38557752e-04,
          1.25208283e-04],
       [ -2.69304047e-03,   2.94064775e-03,   8.47496939e-03,
          3.36739236e-03,   2.52532335e-03,  -8.83633900e-05,
          7.92931119e-03,  -6.02233017e-04,   3.24375537e-03,
          1.13005897e-02,  -1.30506724e-03,  -2.17187823e-02,
         -1.46411188e-02,   2.79897005e-03,  -3.44933553e-03,
         -3.47993595e-03,  -5.00071297e-04,  -2.21195355e-03,
          1.57517529e-03,  -7.65919072e-07,   1.03233569e+00,
          3.16539016e-02,   1.86178464e-02,  -1.68434805e-03,
         -2.82785962e-04,  -9.41883572e-03,   4.24590957e-04,
         -3.59636532e-04,  -1.65350790e-03,  -3.49720944e-03,
          6.06565342e-04],
       [ -4.92223262e-02,  -7.60653653e-03,   2.35705982e-03,
          5.67904530e-03,   1.06152487e-02,  -9.04266674e-02,
          1.39413254e-02,   7.33635094e-03,   5.27399479e-02,
          7.17651850e-02,   1.55561884e-03,  -6.15181070e-03,
         -4.07929296e-02,  -1.62747535e-02,  -7.71887654e-02,
         -3.45436309e-02,  -5.68193803e-03,  -2.29494491e-02,
         -7.19532373e-02,   5.21163658e-05,   3.16539016e-02,
          1.12608571e+00,   6.55924631e-03,   2.30338794e-03,
         -2.22075983e-04,  -1.00151278e-01,  -3.54343330e-02,
          5.51339597e-03,  -1.54675762e-01,  -5.98049301e-02,
         -2.73827276e-02],
       [ -3.30946358e-03,   4.73349580e-03,   5.81063588e-03,
          1.02845294e-02,   1.77383217e-03,   5.79727544e-03,
          5.79662887e-04,  -8.46847968e-03,   1.58903659e-03,
          1.66791328e-02,  -5.15929803e-03,  -2.71733233e-02,
         -7.62860635e-02,   3.22018798e-03,   1.20257264e-03,
         -3.64994716e-03,  -5.58135268e-04,  -2.40094560e-03,
         -3.12570486e-03,  -7.87573464e-07,   1.86178464e-02,
          6.55924631e-03,   1.00577291e+00,  -1.94856938e-03,
         -1.59692218e-03,  -1.39805187e-02,  -5.31150343e-02,
          1.05580182e-04,   1.06164170e-02,  -5.88889989e-03,
         -2.77326938e-03],
       [  1.89008370e-03,  -8.01392051e-04,   3.56555985e-03,
